RPL: on '220311_105123' from '/opt/rocm-5.0.1/rocprofiler' in '/home/HIP-Examples/HIP-Examples-Applications/MatrixMultiplication'
RPL: profiling '"anubhav3"'
RPL: input file ''
RPL: output dir '/tmp/rpl_data_220311_105123_1838'
RPL: result dir '/tmp/rpl_data_220311_105123_1838/input_results_220311_105123'

Input0
0.660565 8.6715 2.23375 3.83419 3.9777 1.48103 4.13565 2.85254 0.487479 9.67518 6.93402 4.14859 3.51701 9.10644 4.67615 5.35295 8.69765 10.508 7.85132 3.87241 9.26134 3.98618 4.21323 0.863349 1.9147 9.68549 2.40528 10.656 8.71921 0.0385368 1.95231 9.37977 8.71004 4.18606 2.21397 1.68774 5.66709 6.34962 4.54028 6.15457 5.02479 0.474303 10.3032 8.54181 9.58074 3.97931 2.89476 7.27839 3.48729 10.7461 0.150799 1.74863 3.73226 4.36403 2.61198 5.64696 3.04951 5.01726 5.30301 0.768722 5.0558 7.25532 10.1485 2.76584 


Input1
0.660565 8.6715 2.23375 3.83419 3.9777 1.48103 4.13565 2.85254 0.487479 9.67518 6.93402 4.14859 3.51701 9.10644 4.67615 5.35295 8.69765 10.508 7.85132 3.87241 9.26134 3.98618 4.21323 0.863349 1.9147 9.68549 2.40528 10.656 8.71921 0.0385368 1.95231 9.37977 8.71004 4.18606 2.21397 1.68774 5.66709 6.34962 4.54028 6.15457 5.02479 0.474303 10.3032 8.54181 9.58074 3.97931 2.89476 7.27839 3.48729 10.7461 0.150799 1.74863 3.73226 4.36403 2.61198 5.64696 3.04951 5.01726 5.30301 0.768722 5.0558 7.25532 10.1485 2.76584 

Executing kernel for 1 iterations
-------------------------------------------
ROCProfiler: input from "/tmp/rpl_data_220311_105123_1838/input.xml"
  0 metrics

Output
1769.65 1684.62 1921.35 2008.79 1814.25 1765.03 1785.98 1858.77 1699.89 1819.99 1805.21 1689.32 1755.64 2009.86 1722.47 1816.3 1807.16 1664.48 1643.36 1922.74 1704.49 1871.5 1608.33 1519.56 1882.29 1925.02 1736.38 1796.69 1677.34 1897.81 1701.45 1789.09 1838.4 1906.91 1912.42 1398.31 1539.56 1552.67 1719.53 1782.74 1936.16 1950.42 1761.84 1870.48 1983.99 1477.19 1839.91 1589.74 2108.97 1988.84 1661.48 1989.18 1407.89 1847.36 1884.99 1917.13 1734.58 2037.43 1778.52 1942.87 1743.53 1547.6 2179.93 1585.3 


ROCPRofiler: 1 contexts collected, output directory /tmp/rpl_data_220311_105123_1838/input_results_220311_105123
File '/home/HIP-Examples/HIP-Examples-Applications/MatrixMultiplication/results.csv' is generating
